88.07062693  73.32397135
30.50478028  50.78876964
32.06830323   7.90817169
12.84204793  11.24012074
12.79203663  10.99112975
77.38252575  93.19520795
52.79412724  37.82594986
56.94318266  74.91499343
66.04270002  18.49610498
30.79327076  28.30171848
50.21268348  59.04245828
22.2311818   91.45253538
56.76305883  37.93867406
14.50831194   5.92264116
89.96621917   3.44199169
89.01028672  10.37300598
89.59787378  37.65645883
35.90992886  67.50029015
27.27082972  87.68230693
 0.59640376  33.30801096
62.20531846  58.60774146
93.46751463   6.75125612
98.09570092   5.53611637
 7.26106014  98.55132185
92.31698712  90.50813062
64.58241361  45.06343883
 4.63194461  97.80502134
59.42541621  64.12965578
94.72498874  21.40780666
23.82320647  26.01303003
17.37091461  88.06570772
 1.65752078  43.67863851
63.35100083  27.92651005
58.72740555  94.87468977
 8.65500241  84.84791055
65.35113631  21.37518205
40.91968702  22.07073769
82.37545601  53.50188084
43.59066712  15.07428878
81.55416      7.08886776
 3.7744493   27.40211783
36.45019473  19.84361992
41.39063154  37.49641738
 6.26014146  38.23028857
56.7359067   81.28925455
62.78852852  22.42415801
35.58958614  39.03593588
 4.97551253  90.85225036
28.91974286  10.22830481
72.01910631  77.15029509