-3.82 -3.82 -3.82
7.77 7.61 7.96
-2.28 -2.18 -2.09
9.47 9.63 8.69
-1.63 -2.90 -1.72
-0.01 0.68 1.72
9.22 8.24 9.52
18.98 17.44 18.40
2.60 2.13 0.87
8.36 8.95 7.95
9.05 8.15 7.62
-6.48 -7.59 -9.75
7.65 9.86 6.35
-0.08 -3.71 0.06
-11.86 -13.17 -9.43
-2.67 1.40 -2.62
-6.98 -9.64 -7.36
-7.36 -5.13 -2.88
14.86 10.68 12.19
5.44 6.92 0.65
-14.33 -11.52 -7.89
23.32 18.46 23.47
-5.42 -1.04 0.23
8.86 7.73 10.67
-12.12 -8.56 -13.83
3.08 4.96 2.55
-1.12 -2.23 5.47
0.38 5.75 -3.11
-1.15 2.28 8.45
2.35 1.82 -4.19
-7.46 1.00 -8.43
-15.54 -15.46 -6.37
16.45 20.04 19.70
-10.21 1.50 -4.20
-3.21 4.90 4.73
5.11 -1.44 -2.78
11.81 1.59 10.32
-1.46 -4.39 -12.78
6.53 -6.64 2.46
4.81 -4.32 0.01
-16.72 -9.73 -6.32
9.24 -2.98 9.99
2.54 16.63 12.12
3.08 9.00 -0.61
20.66 14.19 14.60
-2.13 0.33 11.03
-4.52 -4.31 7.82
2.65 -12.63 -5.22
2.42 5.92 -6.75
-0.79 7.61 16.36
9.30 -7.62 3.20
-8.30 -9.69 0.80
1.71 -0.34 16.46
-8.18 -4.12 6.86
5.39 -9.05 -10.56
4.14 -12.82 -9.29
-10.92 5.58 6.16
4.82 8.07 5.54
8.99 -2.33 -8.52
-3.25 -11.73 9.06
5.63 7.50 23.60
-14.41 -1.58 5.03
0.63 -11.52 7.83
-8.31 11.78 -5.94
6.09 11.12 25.25
9.44 8.58 -10.85
29.13 9.47 9.19
-9.83 7.89 9.03
-0.22 9.30 -4.90
3.05 1.88 -17.98
19.84 6.88 -4.89
10.65 8.52 -11.48
19.56 10.43 18.63
27.70 10.36 8.70
-8.84 -9.84 12.97
-13.47 -8.89 -31.84
-7.32 -10.13 -26.93
15.27 5.73 11.03
14.69 -1.42 -12.30
22.65 -0.22 4.76
-12.82 -10.78 -5.25
-10.66 14.25 0.78
17.69 12.37 -9.45
5.20 -5.82 -23.86
-2.47 -26.51 -0.49
-9.74 -17.14 -32.62
9.73 0.08 -20.18
11.45 6.69 -16.13
-4.02 -16.66 -6.63
-24.20 -25.83 -41.96
5.94 20.22 -0.06
0.80 8.73 -22.13
-13.23 -14.17 -6.88
10.78 -18.11 5.74
-4.25 -22.51 -0.20
-2.14 -23.97 -1.22
-20.74 10.12 -2.21
23.15 6.90 26.27
-27.80 5.52 -5.67
-0.39 -8.55 -27.46
0.48 -1.41 -31.02
-2.40 9.62 29.14
8.40 -23.19 -15.13
-12.21 -1.67 16.78
-0.14 6.52 -24.98
3.98 -21.23 15.04
20.68 17.32 -12.93
20.45 5.68 -0.49
-3.31 -0.41 26.28
-7.90 -6.88 15.84
-21.05 -0.61 -19.55
15.25 45.87 11.17
35.20 -1.75 5.05
13.54 16.63 -4.03
-8.83 -16.94 -29.22
-1.73 -12.72 24.79
23.01 -18.06 3.99
11.13 25.37 -15.02
0.89 0.93 30.46
-0.41 -4.93 22.70
-5.10 6.92 24.89
-10.30 -2.37 -27.58
-21.33 18.59 9.13
-2.06 -20.08 -24.03
-23.82 -5.95 -19.75
-37.05 7.25 -16.02
33.91 -0.38 -3.97
-4.37 34.61 -0.43
6.30 38.31 3.36
-10.52 -7.29 -14.29
-0.53 -0.58 -33.20
3.90 6.72 -26.32
7.99 -26.03 18.93
-1.85 -6.70 28.01
-6.45 -4.97 34.53
10.10 -2.70 30.46
5.84 5.43 38.69
-21.88 14.37 17.06
40.22 3.33 -5.29
24.15 34.20 -6.94
22.76 37.29 8.41
8.29 8.54 44.29
7.05 -35.76 6.28
-34.99 -10.74 8.22
32.38 11.25 8.01
25.10 15.20 -12.51
-12.06 33.17 -7.48
24.66 23.56 35.84
0.08 -24.83 -34.03
-8.62 0.97 32.93
12.25 -12.75 32.05
2.08 31.40 28.21
-8.62 24.75 44.57
0.16 -29.08 -20.36
39.26 -4.35 -8.54
2.51 9.23 37.16
-26.77 24.73 -18.75
-3.59 9.04 47.03
16.19 34.82 -20.09
-1.83 31.09 -25.09
34.08 -15.50 -13.69
-23.81 -18.24 24.74
4.26 -45.78 -10.00
-7.76 27.23 22.24
-19.95 -1.23 36.75
0.60 -10.45 42.75
27.53 25.75 -14.79
-9.55 14.11 23.84
-35.01 11.07 20.09
29.18 19.51 -17.72
8.22 -40.46 -36.53
28.45 -5.15 13.79
-41.59 13.75 -11.41
23.62 12.99 -31.66
0.21 -2.10 34.11
-11.42 -26.34 -55.76
1.53 5.19 -42.10
41.99 31.96 17.00
56.66 4.59 25.04
-12.65 22.81 29.12
10.70 8.40 56.89
-13.21 11.75 -39.73
38.62 -2.87 -20.53
9.35 12.00 -44.29
-7.78 9.22 -44.66
20.45 -41.28 8.67
-40.38 20.70 -5.80
33.39 -10.54 43.85
12.68 49.98 9.45
-5.20 -13.66 35.57
4.56 5.11 -42.69
-13.60 -42.25 24.49
13.96 13.47 -34.88
24.46 -11.77 -30.50
35.25 -25.85 5.63
-3.77 -20.96 40.29
17.85 21.31 -40.58
3.36 -27.89 40.80
37.68 -18.58 10.54
46.86 41.60 -3.57
